537 397
967 464
403 376
0 22
470 400
880 652
31 635
738 822
730 60
150 146
298 890
943 976
606 185
296 436
760 619
356 606
566 345
673 241
40 461
125 725
21 622
379 195
99 990
259 866
989 604
794 113
120 297
280 644
382 861
491 940
538 957
994 523
606 996
853 166
214 420
266 710
337 337
91 770
971 994
490 740
929 97
359 487
810 186
485 34
742 348
765 91
177 244
614 156
548 739
982 501
16 19
317 985
661 964
197 44
996 371
689 226
688 274
233 150
783 674
117 702
783 899
290 819
701 938
224 11
731 742
630 377
578 735
699 426
415 656
884 823
499 827
771 978
305 564
775 683
325 416
240 140
695 500
410 564
655 889
706 215
867 999
288 234
810 709
700 988
839 928
158 43
141 731
295 683
631 699
564 530
404 901
966 871
46 862
983 651
590 288
589 725
28 708
998 900
898 892
994 181
